examples/parametric/data/bpass-v2.2.1-bin_chab-100_UVJ.ecsv
# %ECSV 1.0
# ---
# datatype:
# - {name: log10ages, datatype: float64}
# - {name: 1e-05_U, datatype: float64}
# - {name: 1e-05_V, datatype: float64}
# - {name: 1e-05_J, datatype: float64}
# - {name: 0.0001_U, datatype: float64}
# - {name: 0.0001_V, datatype: float64}
# - {name: 0.0001_J, datatype: float64}
# - {name: 0.001_U, datatype: float64}
# - {name: 0.001_V, datatype: float64}
# - {name: 0.001_J, datatype: float64}
# - {name: 0.0020000000000000005_U, datatype: float64}
# - {name: 0.0020000000000000005_V, datatype: float64}
# - {name: 0.0020000000000000005_J, datatype: float64}
# - {name: 0.003000000000000001_U, datatype: float64}
# - {name: 0.003000000000000001_V, datatype: float64}
# - {name: 0.003000000000000001_J, datatype: float64}
# - {name: 0.004000000000000001_U, datatype: float64}
# - {name: 0.004000000000000001_V, datatype: float64}
# - {name: 0.004000000000000001_J, datatype: float64}
# - {name: 0.006000000000000003_U, datatype: float64}
# - {name: 0.006000000000000003_V, datatype: float64}
# - {name: 0.006000000000000003_J, datatype: float64}
# - {name: 0.008000000000000004_U, datatype: float64}
# - {name: 0.008000000000000004_V, datatype: float64}
# - {name: 0.008000000000000004_J, datatype: float64}
# - {name: 0.01_U, datatype: float64}
# - {name: 0.01_V, datatype: float64}
# - {name: 0.01_J, datatype: float64}
# - {name: 0.013999999999999999_U, datatype: float64}
# - {name: 0.013999999999999999_V, datatype: float64}
# - {name: 0.013999999999999999_J, datatype: float64}
# - {name: 0.020000000000000004_U, datatype: float64}
# - {name: 0.020000000000000004_V, datatype: float64}
# - {name: 0.020000000000000004_J, datatype: float64}
# - {name: 0.029999999999999995_U, datatype: float64}
# - {name: 0.029999999999999995_V, datatype: float64}
# - {name: 0.029999999999999995_J, datatype: float64}
# - {name: 0.04000000000000001_U, datatype: float64}
# - {name: 0.04000000000000001_V, datatype: float64}
# - {name: 0.04000000000000001_J, datatype: float64}
# meta: !!omap
# - metallicities: [1.0e-05, 0.0001, 0.001, 0.0020000000000000005, 0.003000000000000001, 0.004000000000000001, 0.006000000000000003, 0.008000000000000004,
#     0.01, 0.013999999999999999, 0.020000000000000004, 0.029999999999999995, 0.04000000000000001]
# schema: astropy-2.0
log10ages 1e-05_U 1e-05_V 1e-05_J 0.0001_U 0.0001_V 0.0001_J 0.001_U 0.001_V 0.001_J 0.0020000000000000005_U 0.0020000000000000005_V 0.0020000000000000005_J 0.003000000000000001_U 0.003000000000000001_V 0.003000000000000001_J 0.004000000000000001_U 0.004000000000000001_V 0.004000000000000001_J 0.006000000000000003_U 0.006000000000000003_V 0.006000000000000003_J 0.008000000000000004_U 0.008000000000000004_V 0.008000000000000004_J 0.01_U 0.01_V 0.01_J 0.013999999999999999_U 0.013999999999999999_V 0.013999999999999999_J 0.020000000000000004_U 0.020000000000000004_V 0.020000000000000004_J 0.029999999999999995_U 0.029999999999999995_V 0.029999999999999995_J 0.04000000000000001_U 0.04000000000000001_V 0.04000000000000001_J
[from data line 19]
7.9 3.150458112067346e+19 3.5311282051749646e+19 3.4636602290077647e+19 3.5235915664152064e+19 4.205667869469384e+19 3.498546755984172e+19 3.5939948246464836e+19 5.5128881833341395e+19 5.6052376714416824e+19 3.3103817734148915e+19 5.35113069291421e+19 6.1943502767486165e+19 3.1954106777065136e+19 5.237442836359412e+19 6.765532107373609e+19 3.3399843655109304e+19 5.38783327867223e+19 6.270804515078753e+19 3.5066165916230877e+19 5.699543386601463e+19 7.022617631173129e+19 3.505035455890735e+19 5.691140462809226e+19 7.19814835721302e+19 3.331811165765284e+19 5.184372765468665e+19 4.564708054538824e+19 3.164267681750397e+19 4.916773316867912e+19 6.1201335365224866e+19 3.0083808166692585e+19 4.453007784302247e+19 6.295812362582633e+19 2.9615102971173163e+19 4.308769271438553e+19 5.839020179506421e+19 2.9818031474739167e+19 4.385844687917838e+19 6.853655009350467e+19
8.0 2.563938605442912e+19 3.5401135768026456e+19 5.235962033256502e+19 2.9690059560024228e+19 3.4195413056702857e+19 1.5490587248011274e+19 3.2225624621110383e+19 5.658588838166359e+19 6.480309768683202e+19 2.8814742112715297e+19 5.25943387984998e+19 7.0217754046884315e+19 2.854035517641494e+19 5.045209998787755e+19 6.679454013275973e+19 2.9035211231903216e+19 5.015128685697538e+19 6.11272586076873e+19 2.9451513858007687e+19 5.0011334314075914e+19 6.881235099143872e+19 2.891126443667024e+19 4.905942820816573e+19 6.628033629865612e+19 2.8014700762227286e+19 4.697801327003579e+19 6.08607233015555e+19 2.704723150868903e+19 4.338289192236727e+19 6.652882974433098e+19 2.59077764677065e+19 4.046288107562375e+19 6.764317053547397e+19 2.5309368417988305e+19 3.8714416115019874e+19 6.799497606782858e+19 2.4322551696329867e+19 3.7779507691917976e+19 7.280633094636556e+19
8.1 2.2865298196288987e+19 2.917220653414744e+19 3.181574532015902e+19 2.493683502687203e+19 3.449383896652023e+19 3.153064257125266e+19 2.6357230583452426e+19 4.7113226996327465e+19 4.835534986681883e+19 2.4111090051288863e+19 4.535277894003585e+19 5.582544712704735e+19 2.4350797244369273e+19 4.613733974205583e+19 6.417377536165057e+19 2.470940860598627e+19 4.580755293133004e+19 6.1748881445189706e+19 2.471132161729076e+19 4.604868028807328e+19 6.801834435950695e+19 2.4055269029963256e+19 4.311029107223502e+19 6.582551908867374e+19 2.2687528919623303e+19 4.21172629121133e+19 7.343347651234409e+19 2.2352392444495073e+19 3.988517823647594e+19 7.26734530074177e+19 2.1371745972988346e+19 3.708490235468062e+19 7.083644498081859e+19 2.0916478462526476e+19 3.553447631727232e+19 6.9416807379928154e+19 1.980926370378843e+19 3.3490751159098126e+19 6.793623064946068e+19
8.2 2.0157007407761547e+19 2.989935315828172e+19 4.254309682696037e+19 2.209719541631561e+19 3.565143917913439e+19 4.41472232826692e+19 2.2193949198398956e+19 4.5546424890652836e+19 6.233460826500515e+19 2.0969846109328167e+19 4.2570023236115554e+19 6.229374224463862e+19 2.1124026518831575e+19 4.350629785309528e+19 6.428989110928894e+19 2.1439699348618265e+19 4.04595080824591e+19 4.858184618376703e+19 2.046758665079127e+19 3.708721634161274e+19 4.6625848202951975e+19 1.984012407244186e+19 3.6382657121237324e+19 5.589473001165137e+19 1.913776248123384e+19 3.45533418453535e+19 5.5352057668819894e+19 1.840242687324832e+19 3.296518792209196e+19 5.187756904847102e+19 1.7090826084887986e+19 3.1436843538152575e+19 5.412780911114098e+19 1.6508554056869302e+19 3.01776014725732e+19 5.987064515399684e+19 1.5725070214004978e+19 2.9113205236703363e+19 5.539170264280972e+19
8.3 1.6579244845051136e+19 2.4431249919453442e+19 3.01167980958326e+19 1.7069063989681977e+19 2.681610537421043e+19 2.8038173407883428e+19 1.848218518237515e+19 4.033376122524819e+19 5.771994972694918e+19 1.7552607166935306e+19 3.676571946999841e+19 5.000911852121203e+19 1.6511537549967698e+19 3.4227885479047143e+19 4.845062696627363e+19 1.7393930494036281e+19 3.5931505268621734e+19 5.6610196344185725e+19 1.725422978224656e+19 3.4762147907471815e+19 5.04085039000312e+19 1.635259302845303e+19 3.3534968619737903e+19 5.367386059218142e+19 1.5397712666977305e+19 3.1633763591972856e+19 4.843814244733623e+19 1.4580415295611505e+19 2.944663858771986e+19 5.0944068456134345e+19 1.3462133822716686e+19 2.82403829953133e+19 5.900028420890089e+19 1.3128463463456342e+19 2.7311309989324235e+19 5.840118228698259e+19 1.231308310392905e+19 2.6278375636645147e+19 5.969602534880274e+19
8.4 1.4454351511356856e+19 2.3232290595480318e+19 3.187725230512412e+19 1.723795214654289e+19 2.9892358970467893e+19 3.320698056678872e+19 1.4539915481830607e+19 3.1638182655569764e+19 4.323898187756542e+19 1.4380589119225082e+19 3.1022851843412025e+19 4.3115245444809466e+19 1.3674583602098883e+19 2.924189307314655e+19 4.0807904089327845e+19 1.382028307540844e+19 3.1063450536406065e+19 4.6025451461347475e+19 1.3505781751364096e+19 3.0286901845880603e+19 5.235998423666814e+19 1.295212014775762e+19 2.890948730445196e+19 4.782687803636312e+19 1.2080732593208197e+19 2.7317951657080107e+19 4.923340233612119e+19 1.1455172692705036e+19 2.5144109499674956e+19 4.118208475233856e+19 1.0375116931344382e+19 2.27156482209003e+19 3.771224356983407e+19 1.0056862588717685e+19 2.3059879291688292e+19 4.676312770193299e+19 9.244321354909911e+18 2.1881123973445444e+19 4.5350582957164904e+19
8.5 1.3382153348555272e+19 2.146572595904419e+19 2.4147044069436215e+19 1.3240259314579814e+19 2.3593308900070466e+19 2.3733140184720163e+19 1.144486744154097e+19 2.6293697237996716e+19 3.675917287603649e+19 1.121185930399216e+19 2.7087013023813673e+19 4.268028646231878e+19 1.1025961640272167e+19 2.7133480015366697e+19 4.27241631359743e+19 1.071471904126829e+19 2.4927855185231876e+19 3.546279594203846e+19 1.0639495863937243e+19 2.4210759201679606e+19 3.3089787800907493e+19 1.0203603137847038e+19 2.316762619435365e+19 3.6598739616876052e+19 9.858172301373649e+18 2.183975428926714e+19 3.150312725874369e+19 8.864411603799529e+18 2.0960629476306674e+19 3.9141580601759875e+19 7.978898471508053e+18 1.921799708711174e+19 3.5763730036566217e+19 7.367521681156191e+18 1.860001691811089e+19 3.3386104592782643e+19 6.41526620893111e+18 1.7442980353504946e+19 4.141009389913223e+19
8.6 1.0714669275226952e+19 1.8763432590000853e+19 2.3411852942423335e+19 1.2410839136124498e+19 2.5483079125469827e+19 3.048468694172225e+19 9.102699877520881e+18 2.0755331619069616e+19 2.6537761668652335e+19 8.930037041165004e+18 2.0610321913526895e+19 2.756781286517647e+19 8.312207806974222e+18 1.9372512000454636e+19 2.505755780223335e+19 8.486967075776185e+18 2.071427761145801e+19 3.103587613119541e+19 8.381659299830115e+18 2.1238368965285786e+19 3.5101490803624014e+19 7.961034186876766e+18 2.1010022473101468e+19 3.87958549477488e+19 7.364019197710746e+18 2.086195239278321e+19 4.56683200579707e+19 6.751049159233342e+18 1.8591366061477704e+19 3.714059684861686e+19 6.271989207997384e+18 1.679648122341347e+19 3.1674364540305703e+19 5.391832613676971e+18 1.5730547763554888e+19 4.030420676189013e+19 4.855322629457048e+18 1.4268038339896023e+19 4.130633478391238e+19
8.7 8.291589045235244e+18 1.4767581946827477e+19 1.5583364094402204e+19 8.382178446458183e+18 1.6865014731907607e+19 1.7462377974186017e+19 7.510521287447346e+18 1.8396911462164363e+19 2.5397151417482084e+19 6.981552121064535e+18 1.8966685878232547e+19 2.9904679457480098e+19 6.681207223356914e+18 1.7921561285183345e+19 2.5980303985654837e+19 6.631611584333629e+18 1.8467136987900416e+19 2.959901127030705e+19 6.429806177932956e+18 1.964790180339714e+19 3.875335309647501e+19 6.206146690277725e+18 1.9127575174376997e+19 3.798064625327488e+19 5.753573397116729e+18 1.7194617582243332e+19 3.2189122493897695e+19 5.279051090316556e+18 1.673490767683601e+19 3.9447833985314144e+19 5.008819842107567e+18 1.5620486329903178e+19 4.00413043355503e+19 4.0245662846348006e+18 1.3235417602959843e+19 4.053873772985328e+19 3.580004397093444e+18 1.1960361599063826e+19 3.4082645890074255e+19
8.8 7.671683035142796e+18 1.471438581136965e+19 1.6512221139861555e+19 7.714125424991248e+18 1.7302540969386746e+19 2.0122275785753092e+19 6.016421981174025e+18 1.51062583490682e+19 2.0416408051321324e+19 5.535794394305575e+18 1.501270614431277e+19 2.1940518585968742e+19 5.171182086737759e+18 1.519828427370766e+19 2.5904362637252575e+19 5.156800726483197e+18 1.734717253283259e+19 3.4809550244405133e+19 4.834270596548488e+18 1.7716673432889917e+19 4.016319361698946e+19 4.585382868219655e+18 1.8287631918388883e+19 4.6777474437661114e+19 4.372363839809627e+18 1.61298907845568e+19 3.728421774314972e+19 4.0582203023244913e+18 1.5196952406369694e+19 3.982513956710914e+19 3.7856826017948134e+18 1.4035896312939565e+19 3.930852290550908e+19 3.031449094340046e+18 1.0769919843918832e+19 2.6799987143371366e+19 2.692379710116201e+18 9.799387086575372e+18 2.6708090363332387e+19
8.9 6.607544947044149e+18 1.4233369002551087e+19 1.7576482119680102e+19 6.500143124669349e+18 1.4982118132841015e+19 1.7273976683474534e+19 5.134383716336629e+18 1.4164339659808076e+19 2.0107416450536493e+19 4.640431988966929e+18 1.4981638330627557e+19 2.612218807103426e+19 4.306374050672436e+18 1.4680594853373127e+19 2.7120018437887074e+19 4.201421017156657e+18 1.4649929591952374e+19 2.7283761748622393e+19 3.9031912757769585e+18 1.4244401560254298e+19 2.8902518010801107e+19 3.5618154887798856e+18 1.3479472801264392e+19 2.9351015476753465e+19 3.4042739520123223e+18 1.403362326339714e+19 3.669104778034405e+19 3.099635530207852e+18 1.3245635192004327e+19 3.857227628612395e+19 2.811934533549163e+18 1.158940627363776e+19 3.6184207820638343e+19 2.2319681764359265e+18 9.404426963421043e+18 3.0960641144530543e+19 1.9073904973364585e+18 8.324392717829293e+18 3.0619553148631556e+19
9.0 5.745959424216678e+18 1.286346977373746e+19 1.6721487845442791e+19 5.916139776347249e+18 1.5500119444239722e+19 2.1146263508312875e+19 4.408408038859694e+18 1.4090606444520163e+19 2.3007748202333323e+19 3.9756628253097057e+18 1.3629062777124114e+19 2.3232078632167633e+19 3.729025610620867e+18 1.3693298351068654e+19 2.6132256390629716e+19 3.4867899662528287e+18 1.444571952542853e+19 3.1286252612649173e+19 3.154902438078386e+18 1.3452862995900543e+19 3.082319949924545e+19 2.853829510093207e+18 1.098357815426147e+19 2.243188476809593e+19 2.647783244338711e+18 1.0330543698391185e+19 2.1841769381513204e+19 2.371844423312965e+18 9.39755259275209e+18 2.2045548685967864e+19 2.154764538115828e+18 8.925834224998072e+18 2.5869026791053242e+19 1.658245392329631e+18 7.330114741059585e+18 2.819642819761617e+19 1.4266236335075948e+18 6.481133695669565e+18 2.7898466405336076e+19
9.1 3.6243230790355604e+18 7.984775646480019e+18 9.67200221086462e+18 3.3598802495458176e+18 8.284935270243967e+18 1.028264619314865e+19 4.017103082417299e+18 1.6638783120805016e+19 3.2528157090533745e+19 3.3816055871554826e+18 1.3163720991217408e+19 2.470835202074018e+19 3.198497272524125e+18 1.3461342844890634e+19 2.778912541392648e+19 2.8803317073270753e+18 1.1478802970626871e+19 2.2357536548441125e+19 2.504522058233201e+18 1.0405493671851162e+19 2.2576872916820767e+19 2.2727891421195832e+18 8.627011182289167e+18 1.5832662165550182e+19 2.0689739417124127e+18 7.216182818614882e+18 9.58520592980663e+18 1.8521362901437937e+18 8.300131537885132e+18 2.1418983566432276e+19 1.6179696991183693e+18 6.929162962441396e+18 1.6160299357260063e+19 1.2350015213910346e+18 5.955705099343204e+18 1.924188681119431e+19 1.07358870538668e+18 5.463329345895946e+18 1.7952855681715724e+19
9.2 2.9514508069334774e+18 6.601244809445585e+18 7.369106315966706e+18 2.8423379443952686e+18 7.816491855730572e+18 1.0685826448799169e+19 2.594850713435672e+18 9.460052277256765e+18 1.649615914937197e+19 2.6071862713961784e+18 1.1571840368569651e+19 2.43884000332113e+19 2.3309193240564854e+18 1.0252140517920256e+19 2.2003394231409734e+19 2.1487429665873718e+18 9.830362724036127e+18 2.2748137239082754e+19 1.9074940760379592e+18 8.871152617853135e+18 2.1681908640467263e+19 1.679487473794685e+18 6.676213370615404e+18 1.294675287677888e+19 1.5599408573685097e+18 6.636652642113454e+18 1.3779904703538252e+19 1.3554514181469376e+18 5.802406274336002e+18 1.2706890768172931e+19 1.186437278108981e+18 5.439296712114563e+18 1.140939222427589e+19 9.358246335411725e+17 4.5649373839291725e+18 8.425002410881322e+18 7.818194268528535e+17 4.246079170013055e+18 9.978299496349751e+18
9.3 2.5654875489836145e+18 6.213370339932922e+18 7.325404738966907e+18 2.2152717622424596e+18 6.297302619150953e+18 8.612719993787255e+18 1.8686987159601923e+18 6.655863395012508e+18 1.0899994972286093e+19 1.7645340552168768e+18 7.051112301610947e+18 1.2832633482486415e+19 1.631485479615471e+18 6.4782435795178e+18 1.208764321145236e+19 1.5539707546325635e+18 6.290653699649393e+18 1.2394807015874304e+19 1.3768443393502966e+18 6.206732828096753e+18 1.3768097693711393e+19 1.2517659128727337e+18 5.689802985488722e+18 1.32022416838295e+19 1.1483708341931716e+18 5.295381855980634e+18 1.2599217786076688e+19 1.0081651528470981e+18 4.710184507884263e+18 1.1625955710611395e+19 8.621708794979916e+17 4.2943402198440975e+18 1.2315650278676965e+19 6.889754781405286e+17 3.8017144756925983e+18 1.1558134935819274e+19 5.846873328063675e+17 3.3608534641031613e+18 9.551920339404892e+18
9.4 2.0176506622645532e+18 5.181922229405552e+18 6.450055549034974e+18 1.7626458728286781e+18 5.31403973066082e+18 7.770948189716882e+18 1.394184291976695e+18 5.222460964640757e+18 8.938295915386794e+18 1.2707245397692529e+18 5.136990043733609e+18 9.491584686913145e+18 1.1658736922907738e+18 4.976749261027241e+18 9.940894790586325e+18 1.1146069194970835e+18 5.017849893336583e+18 1.0542388219508586e+19 9.948505273990035e+17 4.765340550363932e+18 1.0810280299454648e+19 9.074816459768302e+17 4.420725377704181e+18 1.0291991015860662e+19 8.277392726641015e+17 4.1957398073846467e+18 1.0270879079346567e+19 7.415448455270004e+17 4.157573776224212e+18 1.12843070154258e+19 6.321865149833701e+17 3.3926281090995446e+18 9.332785646492158e+18 5.0416246667104634e+17 3.1496303182847283e+18 9.907690111192408e+18 4.3424080100847104e+17 2.8659290560292756e+18 9.080629243102803e+18
9.5 1.5805878254739497e+18 4.2759804883996344e+18 5.585467050599514e+18 1.4289567617099302e+18 4.3633914239137516e+18 6.34377642770971e+18 1.0707756224307698e+18 4.1728998249562604e+18 7.376203356957827e+18 9.307528048937416e+17 3.9025376017558856e+18 7.414325495152023e+18 8.522082764995124e+17 3.795267930186741e+18 7.696558889817844e+18 7.94840915208052e+17 3.757854906436992e+18 8.050547043759923e+18 7.092183047740806e+17 3.5853450249600855e+18 8.244124031842395e+18 6.42318122226906e+17 3.364776069764663e+18 8.034990357694782e+18 5.915788516129286e+17 3.2350070093558676e+18 8.198684667142692e+18 5.2565170535974515e+17 3.072083701434701e+18 8.610618163105167e+18 4.412305849747554e+17 2.6415729470409324e+18 7.756200583955012e+18 3.521996490446976e+17 2.394911860118333e+18 7.60870638435769e+18 3.039630324143523e+17 2.35537969131166e+18 7.877380129034575e+18
