examples/parametric/data/bpass-v2.2.1-bin_chab-100_UVJ.ecsv
# %ECSV 1.0
# ---
# datatype:
# - {name: log10ages, datatype: float64}
# - {name: 1e-05_U, datatype: float64}
# - {name: 1e-05_V, datatype: float64}
# - {name: 1e-05_J, datatype: float64}
# - {name: 0.0001_U, datatype: float64}
# - {name: 0.0001_V, datatype: float64}
# - {name: 0.0001_J, datatype: float64}
# - {name: 0.001_U, datatype: float64}
# - {name: 0.001_V, datatype: float64}
# - {name: 0.001_J, datatype: float64}
# - {name: 0.0020000000000000005_U, datatype: float64}
# - {name: 0.0020000000000000005_V, datatype: float64}
# - {name: 0.0020000000000000005_J, datatype: float64}
# - {name: 0.003000000000000001_U, datatype: float64}
# - {name: 0.003000000000000001_V, datatype: float64}
# - {name: 0.003000000000000001_J, datatype: float64}
# - {name: 0.004000000000000001_U, datatype: float64}
# - {name: 0.004000000000000001_V, datatype: float64}
# - {name: 0.004000000000000001_J, datatype: float64}
# - {name: 0.006000000000000003_U, datatype: float64}
# - {name: 0.006000000000000003_V, datatype: float64}
# - {name: 0.006000000000000003_J, datatype: float64}
# - {name: 0.008000000000000004_U, datatype: float64}
# - {name: 0.008000000000000004_V, datatype: float64}
# - {name: 0.008000000000000004_J, datatype: float64}
# - {name: 0.01_U, datatype: float64}
# - {name: 0.01_V, datatype: float64}
# - {name: 0.01_J, datatype: float64}
# - {name: 0.013999999999999999_U, datatype: float64}
# - {name: 0.013999999999999999_V, datatype: float64}
# - {name: 0.013999999999999999_J, datatype: float64}
# - {name: 0.020000000000000004_U, datatype: float64}
# - {name: 0.020000000000000004_V, datatype: float64}
# - {name: 0.020000000000000004_J, datatype: float64}
# - {name: 0.029999999999999995_U, datatype: float64}
# - {name: 0.029999999999999995_V, datatype: float64}
# - {name: 0.029999999999999995_J, datatype: float64}
# - {name: 0.04000000000000001_U, datatype: float64}
# - {name: 0.04000000000000001_V, datatype: float64}
# - {name: 0.04000000000000001_J, datatype: float64}
# meta: !!omap
# - metallicities: [1.0e-05, 0.0001, 0.001, 0.0020000000000000005, 0.003000000000000001, 0.004000000000000001, 0.006000000000000003, 0.008000000000000004,
#     0.01, 0.013999999999999999, 0.020000000000000004, 0.029999999999999995, 0.04000000000000001]
# schema: astropy-2.0
log10ages 1e-05_U 1e-05_V 1e-05_J 0.0001_U 0.0001_V 0.0001_J 0.001_U 0.001_V 0.001_J 0.0020000000000000005_U 0.0020000000000000005_V 0.0020000000000000005_J 0.003000000000000001_U 0.003000000000000001_V 0.003000000000000001_J 0.004000000000000001_U 0.004000000000000001_V 0.004000000000000001_J 0.006000000000000003_U 0.006000000000000003_V 0.006000000000000003_J 0.008000000000000004_U 0.008000000000000004_V 0.008000000000000004_J 0.01_U 0.01_V 0.01_J 0.013999999999999999_U 0.013999999999999999_V 0.013999999999999999_J 0.020000000000000004_U 0.020000000000000004_V 0.020000000000000004_J 0.029999999999999995_U 0.029999999999999995_V 0.029999999999999995_J 0.04000000000000001_U 0.04000000000000001_V 0.04000000000000001_J
[from data line 37]
9.7 9.304544785670865e+17 2.399043453732667e+18 2.971925254844978e+18 8.15227935852333e+17 2.316694969088283e+18 3.128117508805107e+18 5.608080929916428e+17 1.948816645104579e+18 3.2348694352097756e+18 5.3407897639782234e+17 2.37525756600133e+18 4.697250844830913e+18 4.9488161129776595e+17 2.4119358356065766e+18 5.097812321345249e+18 4.5852646396952083e+17 2.3566253787694623e+18 5.210891532234428e+18 3.6332904451188563e+17 1.7861252505869335e+18 3.9035114002035656e+18 3.383317603064074e+17 1.994591969397431e+18 4.934117428110862e+18 3.097938868255024e+17 1.9646388480693164e+18 5.253103790907479e+18 2.623279031152923e+17 1.6930036436054047e+18 4.676444537641061e+18 2.1659088626587203e+17 1.5728115070110884e+18 4.820581325682287e+18 1.7017828863697664e+17 1.426310282813922e+18 4.667861938167619e+18 1.3220841425025818e+17 1.182344220251052e+18 3.77333307012907e+18
9.8 7.069273275845359e+17 2.1455158572590285e+18 3.371896836666419e+18 6.526996868363238e+17 2.1301847814931195e+18 3.507504470487402e+18 4.8767367836180486e+17 2.0430041578342876e+18 3.861082822588252e+18 4.315352103534927e+17 2.0125383792759094e+18 4.073221752460347e+18 3.964387737205736e+17 1.9277610728869176e+18 3.98966062163382e+18 3.3030093120047514e+17 1.502591542134378e+18 2.999988612935874e+18 2.967122293154831e+17 1.6850153205565878e+18 4.0036535191744276e+18 2.6909182610557923e+17 1.6812199820030303e+18 4.287031270015125e+18 2.453068961254013e+17 1.5862352677660206e+18 4.1059668879581686e+18 2.0239232004459594e+17 1.396665483618881e+18 3.922413725311568e+18 1.5889434376870032e+17 1.2074922464790472e+18 3.642139887895353e+18 1.1382417462859128e+17 9.53329068202888e+17 2.788200374269096e+18 8.86414216848614e+16 8.435130370093902e+17 2.8038403428718853e+18
9.9 6.464009731657244e+17 1.9588635646386222e+18 3.140628927960756e+18 6.09123022906108e+17 1.9466067641301773e+18 3.214572090958759e+18 4.219115916685258e+17 1.815627330184978e+18 3.5322400164252646e+18 3.045203052591294e+17 1.2484048785485524e+18 2.308672254370643e+18 2.5864426234988224e+17 1.180030220522686e+18 2.384181668662449e+18 2.5959763400224022e+17 1.440255870891826e+18 3.3055092112288246e+18 2.3053384449290573e+17 1.3706565871374182e+18 3.26434565469036e+18 1.9421852269303277e+17 1.0561131203964381e+18 2.315849497015991e+18 1.682537496107383e+17 9.639229248684334e+17 2.3121225334548977e+18 1.6296856676871347e+17 1.213019883037834e+18 3.4895200511279007e+18 1.2823104409855891e+17 1.0419253241102798e+18 3.228166114264334e+18 8.711961231465133e+16 8.106308708226381e+17 2.7099935437398226e+18 7.95555593889179e+16 7.353546078234038e+17 2.49722699057296e+18
10.0 4.328881887752909e+17 1.1440617536591528e+18 1.6315606316546145e+18 4.282164033102843e+17 1.160492773102884e+18 1.6682458658442038e+18 2.613237121908424e+17 9.767311853061609e+17 1.720080679633555e+18 2.5015688881363258e+17 1.233980646187512e+18 2.5877010684949396e+18 2.322999431095e+17 1.222634453680233e+18 2.6711069130907607e+18 2.222156914545162e+17 1.2645446777566543e+18 2.9075661294693453e+18 1.58566113953143e+17 8.397070642871237e+17 1.8487061970464082e+18 1.4511810162367098e+17 9.745504698706898e+17 2.567679274102217e+18 1.3341500700426928e+17 9.761192413133344e+17 2.7025805232271985e+18 1.2113319066728733e+17 8.170972614658927e+17 1.9895622346293926e+18 8.776540225824222e+16 6.542200868429087e+17 1.8014944058533868e+18 6.648473479006337e+16 6.918859419787016e+17 2.4177952244055434e+18 5.721028554422475e+16 5.3801551939299776e+17 2.0437093386527616e+18
10.1 4.708834746046864e+17 1.6536696087415043e+18 3.122543532452263e+18 4.415668065843038e+17 1.63810246670631e+18 3.1608098752830254e+18 3.347481236231512e+17 1.5843604204866063e+18 3.2478514347644273e+18 2.1309968669461344e+17 9.307847162449531e+17 1.7874283955683136e+18 1.6924187605121942e+17 8.019232034055766e+17 1.64104328756797e+18 1.3757316884944314e+17 6.743535681407076e+17 1.3791132064113605e+18 1.358256179126255e+17 9.155215931858784e+17 2.354846502017541e+18 1.2470358364666147e+17 8.947130920904936e+17 2.421293438464066e+18 1.0114396343034914e+17 6.567964971056221e+17 1.6073077718831286e+18 8.975568919229926e+16 7.363947691212763e+17 2.2461155190892268e+18 6.763792977685613e+16 6.370798913426702e+17 2.10186486296711e+18 5.881379141501891e+16 6.149494223520046e+17 2.2508379907077307e+18 4.10742112716315e+16 3.796744052747197e+17 1.1389199046325076e+18
10.2 1.848142751466465e+17 5.780001468810988e+17 1.0472234811648201e+18 2.0265457567773578e+17 6.846607854153613e+17 1.2551022158286164e+18 1.3730017109839624e+17 5.780617919167348e+17 1.113447628154251e+18 1.600608432502314e+17 1.0177435735446158e+18 2.400599038606076e+18 1.658900935117479e+17 1.1033488087977681e+18 2.710153410070667e+18 1.59677485387553e+17 1.0797047567189517e+18 2.7185589891011896e+18 1.094168019765008e+17 6.445509345871397e+17 1.4932861553944863e+18 8.566812240993485e+16 5.574882142636521e+17 1.3890683688501576e+18 7.921370839752693e+16 6.495900874369434e+17 1.9315453396215875e+18 7.57063515903443e+16 6.948007577768436e+17 2.24881411426075e+18 4.9899731864081224e+16 4.3450519401577197e+17 1.2751766232321725e+18 4.519882566823026e+16 3.122318151005334e+17 9.484620213670522e+17 2.796050986455666e+16 3.124054516453248e+17 1.3403296240076754e+18
10.3 1.5639597825707126e+17 5.0739971248230355e+17 9.503405349339105e+17 1.6139673227029114e+17 5.5812702666368096e+17 1.0489362343267337e+18 1.342649420670039e+17 5.814490711426408e+17 1.1928500009374566e+18 9.803626336028822e+16 5.268829944937153e+17 1.1601149573651497e+18 6.610925534324784e+16 4.075506376054118e+17 9.516471461215727e+17 6.0539034553522696e+16 4.017077681046017e+17 9.719662525890321e+17 7.754931777489094e+16 6.729586270171612e+17 1.9527426219568287e+18 7.98811687748372e+16 6.85794826323871e+17 2.0356220752921183e+18 8.044669730331034e+16 7.266421402973385e+17 2.2799981685497055e+18 5.119088282810958e+16 4.2843537291703744e+17 1.2479068275093768e+18 3.935835604608577e+16 4.2851793574903795e+17 1.579350276380489e+18 2.9969557032965736e+16 3.3111972255935776e+17 1.3526322257731325e+18 2.3062495554359496e+16 2.89024553250581e+17 1.225718952236641e+18
10.4 1.5308477141280477e+17 5.0947154172892006e+17 9.94522619222814e+17 1.4769040135006064e+17 5.462577052234756e+17 1.0833874244032888e+18 9.61740982006304e+16 4.2422652217686605e+17 8.821848434951242e+17 8.010316641747411e+16 3.9536814027009984e+17 8.532120528028607e+17 5.658989380999449e+16 3.478131389128826e+17 8.170849786094548e+17 5.545116978067183e+16 4.043094286224235e+17 1.0396960564886252e+18 4.354107635524409e+16 3.660992890999641e+17 1.0346899132508886e+18 3.663196884886539e+16 3.3732563583125504e+17 1.022255212582489e+18 2.806375610900555e+16 2.6494876698424064e+17 8.277957319077364e+17 4.494880425878316e+16 5.008232328423533e+17 1.831629732211112e+18 4.197440720451944e+16 3.280477904448104e+17 8.885628679337219e+17 1.9929442776085532e+16 1.921612455502792e+17 6.865020402095003e+17 1.5981971648246584e+16 1.7260455230301322e+17 6.718115761136835e+17
10.5 2.1203080356819533e+17 6.62807533447929e+17 1.1878405077446953e+18 1.9522647870021098e+17 7.519606844137518e+17 1.5076841458178926e+18 9.619205764049008e+16 4.087485745573109e+17 8.334545132454502e+17 7.369422557844213e+16 3.600822768160433e+17 7.915641813593951e+17 5.811121501540768e+16 3.2248812061603034e+17 7.371482974985667e+17 4.674429457032058e+16 3.092814168778324e+17 7.662162292875222e+17 3.16893200435359e+16 2.590122210330371e+17 7.300823240624206e+17 2.5637990139808056e+16 2.3227198255352672e+17 7.076663051419292e+17 2.0869641917776724e+16 2.061052996036097e+17 6.684723668632922e+17 2.4016784525591736e+16 2.427919702627692e+17 8.674707088295592e+17 2.5734530567129524e+16 2.4672774161056406e+17 1.2148723377831122e+18 1.879309045185189e+16 2.5384902206391856e+17 1.2078799066613868e+18 1.3956801924073958e+16 2.2424472060045933e+17 1.0793512822194081e+18
10.6 9.135777396177771e+16 4.3321501766050285e+17 1.0031683818751835e+18 7.940272614485526e+16 3.664948501034342e+17 8.274474097128928e+17 1.122551605180579e+17 6.25568100652373e+17 1.4594261772139244e+18 1.0147553916606765e+17 6.224370048911729e+17 1.523496345558653e+18 6.5827442701812424e+16 3.35890152845723e+17 7.429270771272146e+17 5.378214366297632e+16 3.052346165603914e+17 7.234390707407363e+17 3.631290307324587e+16 2.47636499680554e+17 6.734493410694213e+17 2.8240078979836356e+16 2.14343100871962e+17 6.374271418848183e+17 2.2233296610625612e+16 1.889346562377636e+17 6.013110175546465e+17 2.051394698020056e+16 1.479243909691139e+17 5.24373026511598e+17 9018635146238262.0 9.913345113120274e+16 4.4585205431504614e+17 6674725615998641.0 8.239349523975005e+16 4.212459372216853e+17 5999455857587917.0 8.303266362369078e+16 4.669107650593126e+17
10.7 6.306539939388799e+16 2.4586695550652272e+17 5.2338536777216384e+17 5.323510493754678e+16 2.2970257992145395e+17 5.0628158884533997e+17 3.814870941772434e+16 2.1493834534087197e+17 5.1598197598354797e+17 4.28518207453197e+16 2.585376959647109e+17 6.630819499521962e+17 5.212834263079987e+16 4.020070526827355e+17 1.1484613865666701e+18 5.919999270473306e+16 4.418918957890902e+17 1.2485405262624855e+18 5.0936079669196344e+16 4.115346609724323e+17 1.2555784502789153e+18 3.0954477762549304e+16 2.0835890898994534e+17 5.965937738267041e+17 2.3813452546392036e+16 1.7357110867510486e+17 5.4091673754378054e+17 1.2211853577169646e+16 1.0897400549276598e+17 4.378949982493273e+17 7326298747299063.0 8.993515955291141e+16 4.144517348371989e+17 5523575032699243.0 6.82021272209637e+16 3.6827247054100346e+17 4701054927791160.0 5.7377435891392136e+16 3.44144031665491e+17
10.8 1.1854353480179518e+17 4.8015454717878925e+17 1.0064498490485832e+18 9.61971089306454e+16 4.5273549255684134e+17 9.942326032482467e+17 3.9570145202394776e+16 2.2411194643005898e+17 5.352980773034327e+17 2.4019459937405424e+16 1.601849040331733e+17 4.12274329968289e+17 2.2836838677653304e+16 1.4882749473845926e+17 4.2411368275456205e+17 2.09183251989897e+16 1.5675754268649782e+17 4.5166877711904525e+17 1.860231923116087e+16 1.2898114715290821e+17 4.276367212340719e+17 2.7109141443815436e+16 2.6484496771272176e+17 9.646916443701953e+17 2.5413012183143908e+16 2.6615388976583325e+17 1.0048067854558112e+18 1.0316020037477328e+16 1.1515508934344584e+17 4.335390659182543e+17 7253904300855565.0 8.893823043373157e+16 3.946289613103879e+17 4127599877374757.5 6.460401663855811e+16 3.5048133879368755e+17 3229124474188090.5 5.305837574782709e+16 3.242257180433844e+17
10.9 3.838673182488221e+16 1.6993770442522275e+17 3.688575243724335e+17 2.415867108202033e+16 1.188161913907207e+17 2.7434063114041155e+17 5.001187480821846e+16 3.392465635404585e+17 8.472543055413448e+17 4.2615804666017336e+16 3.2287839734607514e+17 8.570483811967799e+17 3.5698838847146372e+16 2.984323573493713e+17 8.319903507926077e+17 1.9603326995061788e+16 1.5249357553199846e+17 4.447247641020683e+17 8266210123007911.0 8.243310063352398e+16 2.841553027378043e+17 7730630459554889.0 8.97863117762197e+16 3.491069317664853e+17 6058066748824970.0 7.989702935215746e+16 3.379134339514241e+17 1.186426421911161e+16 1.692465141369389e+17 7.369953254747775e+17 9457216037780958.0 1.5712492408356368e+17 7.153633498287983e+17 8408566857184202.0 1.456125007747479e+17 7.406291852131593e+17 3519018643570493.5 5.981492858693522e+16 3.240602816279087e+17
11.0 7576918345149663.0 3.108557410312193e+16 6.522001493499441e+16 1.0830053095805596e+16 5.465488931134849e+16 1.2494751919217088e+17 2857215588311529.5 1.7575793752171448e+16 4.386550125353544e+16 6098168166958489.0 4.680072165970305e+16 1.2792272363390285e+17 2083710393024482.8 1.6866645240659358e+16 4.588909332710629e+16 1.7301557496178378e+16 1.7423790203723987e+17 5.1965457184587405e+17 5499720628292052.0 5.262673182686503e+16 1.5826281490246506e+17 3300358065613673.5 3.75291187529532e+16 1.3133339342677365e+17 2821136818859559.0 3.1443144274355252e+16 1.2479592489369206e+17 2135746279617230.5 2.4882675104816936e+16 1.0879862673147013e+17 1698252356487849.5 2.024873933931915e+16 9.658464482282146e+16 1807502287255171.0 1.7982839631222384e+16 9.431960542365594e+16 2917386294915620.0 6.104597105532738e+16 3.4617820698592346e+17
