examples/parametric/data/bpass-v2.2.1-bin_chab-100_UVJ.ecsv
# %ECSV 1.0
# ---
# datatype:
# - {name: log10ages, datatype: float64}
# - {name: 1e-05_U, datatype: float64}
# - {name: 1e-05_V, datatype: float64}
# - {name: 1e-05_J, datatype: float64}
# - {name: 0.0001_U, datatype: float64}
# - {name: 0.0001_V, datatype: float64}
# - {name: 0.0001_J, datatype: float64}
# - {name: 0.001_U, datatype: float64}
# - {name: 0.001_V, datatype: float64}
# - {name: 0.001_J, datatype: float64}
# - {name: 0.0020000000000000005_U, datatype: float64}
# - {name: 0.0020000000000000005_V, datatype: float64}
# - {name: 0.0020000000000000005_J, datatype: float64}
# - {name: 0.003000000000000001_U, datatype: float64}
# - {name: 0.003000000000000001_V, datatype: float64}
# - {name: 0.003000000000000001_J, datatype: float64}
# - {name: 0.004000000000000001_U, datatype: float64}
# - {name: 0.004000000000000001_V, datatype: float64}
# - {name: 0.004000000000000001_J, datatype: float64}
# - {name: 0.006000000000000003_U, datatype: float64}
# - {name: 0.006000000000000003_V, datatype: float64}
# - {name: 0.006000000000000003_J, datatype: float64}
# - {name: 0.008000000000000004_U, datatype: float64}
# - {name: 0.008000000000000004_V, datatype: float64}
# - {name: 0.008000000000000004_J, datatype: float64}
# - {name: 0.01_U, datatype: float64}
# - {name: 0.01_V, datatype: float64}
# - {name: 0.01_J, datatype: float64}
# - {name: 0.013999999999999999_U, datatype: float64}
# - {name: 0.013999999999999999_V, datatype: float64}
# - {name: 0.013999999999999999_J, datatype: float64}
# - {name: 0.020000000000000004_U, datatype: float64}
# - {name: 0.020000000000000004_V, datatype: float64}
# - {name: 0.020000000000000004_J, datatype: float64}
# - {name: 0.029999999999999995_U, datatype: float64}
# - {name: 0.029999999999999995_V, datatype: float64}
# - {name: 0.029999999999999995_J, datatype: float64}
# - {name: 0.04000000000000001_U, datatype: float64}
# - {name: 0.04000000000000001_V, datatype: float64}
# - {name: 0.04000000000000001_J, datatype: float64}
# meta: !!omap
# - metallicities: [1.0e-05, 0.0001, 0.001, 0.0020000000000000005, 0.003000000000000001, 0.004000000000000001, 0.006000000000000003, 0.008000000000000004,
#     0.01, 0.013999999999999999, 0.020000000000000004, 0.029999999999999995, 0.04000000000000001]
# schema: astropy-2.0
log10ages 1e-05_U 1e-05_V 1e-05_J 0.0001_U 0.0001_V 0.0001_J 0.001_U 0.001_V 0.001_J 0.0020000000000000005_U 0.0020000000000000005_V 0.0020000000000000005_J 0.003000000000000001_U 0.003000000000000001_V 0.003000000000000001_J 0.004000000000000001_U 0.004000000000000001_V 0.004000000000000001_J 0.006000000000000003_U 0.006000000000000003_V 0.006000000000000003_J 0.008000000000000004_U 0.008000000000000004_V 0.008000000000000004_J 0.01_U 0.01_V 0.01_J 0.013999999999999999_U 0.013999999999999999_V 0.013999999999999999_J 0.020000000000000004_U 0.020000000000000004_V 0.020000000000000004_J 0.029999999999999995_U 0.029999999999999995_V 0.029999999999999995_J 0.04000000000000001_U 0.04000000000000001_V 0.04000000000000001_J
6.0 2.192700340375595e+20 1.2139336670649118e+20 3.258257025936751e+19 2.284686695928792e+20 1.2832845616166645e+20 3.4747049067330306e+19 2.5262874224770892e+20 1.4332812210979403e+20 3.7488632871216185e+19 2.6774968288916013e+20 1.5284028400759364e+20 4.007412864774544e+19 2.804573478590645e+20 1.6093382836963797e+20 4.180666534291432e+19 2.867490101475995e+20 1.6517784558552767e+20 4.317977887148814e+19 3.0748800046144605e+20 1.7720940566494557e+20 4.558746377925222e+19 3.218884606294518e+20 1.8519119709406197e+20 4.791452275375105e+19 3.4896461764579466e+20 2.0134225940291492e+20 5.2540805260068045e+19 3.71623797752872e+20 2.1379220815922767e+20 5.555468597189279e+19 3.9767977642407907e+20 2.2874381528845235e+20 5.978129639385986e+19 4.989198095774192e+20 2.867717187210625e+20 7.49607247037008e+19 5.518017976497906e+20 3.160125375034432e+20 8.369016363695918e+19
6.1 2.373380161269129e+20 1.3093946272473593e+20 3.4841569354679943e+19 2.460328671514999e+20 1.3755650730084044e+20 3.678026428591344e+19 2.838909713778182e+20 1.5994485757872318e+20 4.141617770786424e+19 2.985142107904695e+20 1.6903090484409795e+20 4.381519913730411e+19 3.131984966944953e+20 1.781648119421035e+20 4.588527871261671e+19 3.2328383256310625e+20 1.845956538481559e+20 4.769985214660771e+19 3.507934008159964e+20 2.0044901907709064e+20 5.114921399827374e+19 3.710499944424727e+20 2.1206130745075466e+20 5.445603264742062e+19 4.102972457806312e+20 2.349810826617611e+20 6.079361273282445e+19 4.322746757295678e+20 2.4699035697453875e+20 6.3535237079355e+19 4.729748418096943e+20 2.7087851343199253e+20 7.0421911349158445e+19 6.217280622368762e+20 3.584233777352188e+20 9.317759196973331e+19 6.958530327474919e+20 4.0125589810302694e+20 1.0556175035219313e+20
6.2 2.4860393571201234e+20 1.3689967992316355e+20 3.6230167634677936e+19 2.6119238851858707e+20 1.4552363257335367e+20 3.858823803658481e+19 2.9821362184346704e+20 1.6772870333985135e+20 4.3258018077102465e+19 3.175470476541685e+20 1.7941196602123905e+20 4.628937726377392e+19 3.366353320201615e+20 1.9067251069745322e+20 4.8944268882749776e+19 3.5280213366415026e+20 2.007131154880424e+20 5.150852147581951e+19 3.8326724776683314e+20 2.1878446199663424e+20 5.587084718565099e+19 4.0505311206955116e+20 2.3151896086664158e+20 5.933445605910004e+19 4.528020585541147e+20 2.5988541249631247e+20 6.7136536504733565e+19 4.7395399597697034e+20 2.7068601751677108e+20 6.9713640349515784e+19 5.282088953897074e+20 3.035762674325436e+20 7.917093531160017e+19 6.964441480002311e+20 4.0398543684314e+20 1.0501691721213805e+20 7.872137439006787e+20 4.569396096442338e+20 1.1952496476503181e+20
6.3 2.6959089965035284e+20 1.4803085649537158e+20 3.87747965641811e+19 2.839175339953625e+20 1.576118674618095e+20 4.136685413800588e+19 3.297027965288943e+20 1.8505675789913866e+20 4.75666674900301e+19 3.5825046458020004e+20 2.0189243938507522e+20 5.185319121737284e+19 3.8345571470044666e+20 2.1677535640720038e+20 5.557953955964209e+19 4.047346106144393e+20 2.303622564071061e+20 5.889160705192076e+19 4.450182896752664e+20 2.5469385373836417e+20 6.5215618540229255e+19 4.774174738786991e+20 2.739333692958563e+20 7.046417677497648e+19 5.473349387914639e+20 3.172087538717296e+20 8.206579392829651e+19 5.515761713817455e+20 3.171444815022421e+20 8.226044738782052e+19 6.300994101269323e+20 3.657840441613067e+20 9.569377106342096e+19 8.030332202948993e+20 4.7152507862796776e+20 1.2305029963262865e+20 9.06004190587831e+20 5.335185300741713e+20 1.399054873128317e+20
6.4 3.1211205014821097e+20 1.8516635074543465e+20 5.347696256356293e+19 3.617121036972288e+20 2.318743884790675e+20 6.933742633552801e+19 4.137537761861574e+20 2.478939431392072e+20 8.045758661522091e+19 4.550779355125111e+20 2.6393764211467538e+20 7.0085934857071034e+19 4.9879218099083444e+20 2.9227209522057432e+20 7.757990152444117e+19 5.4004911207351635e+20 3.216984607320726e+20 8.563570152723027e+19 6.015878375490724e+20 3.621171094242715e+20 9.682463500660264e+19 6.413507746902224e+20 3.8045864348416816e+20 1.0219534181418553e+20 7.281025597387145e+20 4.372412022719681e+20 1.152817857971666e+20 7.067933477900638e+20 4.1446181523416875e+20 1.082953031779429e+20 7.842686814666076e+20 4.6592664719287996e+20 1.2300533220438694e+20 8.712869736796387e+20 5.22600897176987e+20 1.3838561267376662e+20 8.869340756541312e+20 5.308461766662791e+20 1.4124219709389198e+20
6.5 5.698650846826383e+20 5.1593804334845696e+20 2.1662237539965003e+20 6.866690837206898e+20 6.865599258044354e+20 2.8208343180135924e+20 5.6123187187257305e+20 3.769772694656772e+20 1.1899598678269095e+20 5.6987219422339406e+20 3.673225585911022e+20 1.1131459871090003e+20 5.972499355696671e+20 3.8683081970395644e+20 1.1737184163378307e+20 6.316103547517585e+20 4.179816435297846e+20 1.2897800231356993e+20 6.959839634326744e+20 4.671694357673424e+20 1.4534362358794273e+20 7.389232430483323e+20 4.990714770945974e+20 1.5842052276963698e+20 8.151626531808644e+20 5.539755717362034e+20 1.7169735053896912e+20 7.804280931654996e+20 4.942986880295463e+20 1.4199010475351974e+20 7.801410735231382e+20 4.933281249910239e+20 1.3934640935694035e+20 8.121210023026145e+20 5.116192863107582e+20 1.4519149309484271e+20 7.690537062567227e+20 4.7857689814033714e+20 1.3260538305259564e+20
6.6 4.9372162227589854e+20 4.4021625876252276e+20 2.293674126854497e+20 6.968242572220875e+20 7.864581226977898e+20 3.768019930770071e+20 6.369676262545367e+20 6.076207991635452e+20 2.8903315946949673e+20 5.214198653538447e+20 3.906013155490323e+20 1.6251469689114332e+20 5.185310367921693e+20 3.734156413027512e+20 1.5256652184206e+20 5.2178435930584305e+20 3.6893628224383084e+20 1.514323867553234e+20 5.510819431977734e+20 3.8446935369075864e+20 1.4712163089983205e+20 5.464811911742258e+20 3.772291648860871e+20 1.4739323615923873e+20 5.844323501056411e+20 3.937023856750681e+20 1.4426189318444399e+20 6.008266648400624e+20 3.974954178754068e+20 1.3653287851099452e+20 6.00510141775532e+20 4.0866093467134506e+20 1.447426785743759e+20 6.596283352586125e+20 4.6583112971510913e+20 1.8591781636006812e+20 6.413369282358502e+20 4.557906190317087e+20 1.863688710011563e+20
6.7 3.808011108874091e+20 3.0858886390880574e+20 1.4619662454440935e+20 4.805169501471644e+20 5.1306786906106003e+20 3.315210445625976e+20 5.178201442829734e+20 5.685238236704163e+20 3.3638622160797886e+20 5.059658268494437e+20 4.909723137020737e+20 2.7822136527114633e+20 4.401395170208341e+20 3.509572120214405e+20 2.0077705387048842e+20 4.078769465486188e+20 3.0849890187407766e+20 1.8764918109845176e+20 4.3821451773336447e+20 3.2598565787144493e+20 2.006912153002337e+20 4.307938971388679e+20 3.1953252132441575e+20 2.164883072716117e+20 4.4530416784109443e+20 3.250887083456616e+20 2.3265160225371256e+20 4.3821344256168487e+20 3.045139434308798e+20 2.119504530754312e+20 4.3099151121710265e+20 2.975788174815542e+20 2.147540517446108e+20 4.468755180083411e+20 3.0644754871393786e+20 2.184404039671496e+20 4.360362549729332e+20 3.033093618810646e+20 3.4380201701669326e+20
6.8 2.8375298555119698e+20 2.0609963270205964e+20 8.389251610977111e+19 3.586069568916031e+20 3.3708302463240484e+20 2.030392322017017e+20 3.6823263048770775e+20 4.5079249437139685e+20 4.476235962994847e+20 3.6680474413363456e+20 4.240325132614666e+20 4.417552689514466e+20 3.564644751000388e+20 3.744145993297227e+20 4.126679536433324e+20 3.308995245565485e+20 3.1995915065261536e+20 3.818068332434375e+20 3.2415172837218825e+20 2.895752019808662e+20 3.5147847883869893e+20 3.167064155403393e+20 2.6775758232736065e+20 3.205751041269739e+20 3.264880318040026e+20 2.5417440820174307e+20 2.860250353986634e+20 3.22548842876435e+20 2.426327880532803e+20 2.9388905267781517e+20 3.21682352103888e+20 2.390202769988598e+20 3.356338646501627e+20 3.2399156987983436e+20 2.329753555906327e+20 4.2256401845788403e+20 3.2835209228127476e+20 2.3314372173865622e+20 4.042999271909349e+20
6.9 2.1147651235103126e+20 1.405717396535237e+20 4.843035958570056e+19 2.6471672392700366e+20 2.148828885088704e+20 1.0309698262587993e+20 2.7562122638857853e+20 2.970125933076033e+20 2.7174915814505077e+20 2.658061019019323e+20 2.964547715560677e+20 3.321314668148818e+20 2.4727316489276978e+20 2.6027868151957514e+20 3.510167086736847e+20 2.420707250703103e+20 2.4220287981933134e+20 3.691801948568923e+20 2.4043519505059145e+20 2.2747518052663398e+20 3.871370063353047e+20 2.3829968534092965e+20 2.17895962096191e+20 4.0043574492934046e+20 2.4591007527870897e+20 2.181592473801245e+20 4.302147395766148e+20 2.4387032497388687e+20 2.0283668506018467e+20 4.2928375568990745e+20 2.3265479299336995e+20 1.85675201601868e+20 4.630655855848861e+20 2.3766866458632464e+20 1.792751118839919e+20 4.211969630801707e+20 2.3597119183689092e+20 1.740833753171664e+20 3.6230829182268473e+20
7.0 1.6372217389139827e+20 1.0773966847063633e+20 3.540358125755812e+19 2.0183638577124776e+20 1.569190080634004e+20 6.79746959333608e+19 2.1839687357445466e+20 2.3129777478983143e+20 1.8731147988714288e+20 2.0024950206248996e+20 2.2527937885847663e+20 2.4594410892662414e+20 1.8313947741757132e+20 2.038766793996141e+20 2.8007723642004354e+20 1.7288447668797558e+20 1.881944618591649e+20 3.09356528982989e+20 1.6956151453444332e+20 1.7255682460534745e+20 3.258492725092225e+20 1.7136057149457056e+20 1.691391089701596e+20 3.337858293480499e+20 1.7788345847719854e+20 1.6967589061794215e+20 3.515679283201694e+20 1.790564388078518e+20 1.597162955486973e+20 3.432231165884128e+20 1.7108420470706042e+20 1.4479892990005489e+20 3.232628809918995e+20 1.778407497182044e+20 1.4244204889129753e+20 2.8178903375769826e+20 1.7708181998202143e+20 1.3937187015704409e+20 2.6377093841419043e+20
7.1 1.2639983320285153e+20 8.381276608918574e+19 2.772462873000726e+19 1.5437333258072778e+20 1.1555559616804833e+20 4.294104377731162e+19 1.7918745808568343e+20 1.7905414278923164e+20 1.1360178415175202e+20 1.7258854431215632e+20 1.969987250312487e+20 1.6069002570003012e+20 1.474356113561649e+20 1.8020964497568245e+20 2.0415984837374794e+20 1.2848810390426878e+20 1.479183339883465e+20 2.3754703555098237e+20 1.2957538215799528e+20 1.3859269089039378e+20 2.5010364727373696e+20 1.2914829369970452e+20 1.3619551051955228e+20 2.5728271477154356e+20 1.3285182510732511e+20 1.3602647586671392e+20 2.616108339547428e+20 1.3334831121933166e+20 1.2712736458151998e+20 2.344594893701959e+20 1.269200779604716e+20 1.1854637661423056e+20 2.25016878670877e+20 1.3486785438230335e+20 1.1905249067378239e+20 2.1162050479486612e+20 1.3411263381067937e+20 1.1458575521098939e+20 2.1010233670541967e+20
7.2 9.517710043568585e+19 6.3836790280856125e+19 2.068335887554518e+19 1.1518418183711516e+20 8.58764038090419e+19 3.071312917314046e+19 1.3638203731871413e+20 1.3013375527938194e+20 6.763217617524312e+19 1.3106450358717904e+20 1.3946557620330888e+20 9.595792729764741e+19 1.207663638116031e+20 1.4137534735593107e+20 1.2608208928342906e+20 9.524695602777973e+19 1.1319856790989236e+20 1.776074390777343e+20 9.743727924679066e+19 1.1109520537843175e+20 1.8042154972909804e+20 1.0470516492033024e+20 1.1243531496608948e+20 1.5667614842210753e+20 1.0841414543621361e+20 1.1351649131990991e+20 1.5368142507185e+20 1.0597170618387564e+20 1.098440392717393e+20 1.5530271849046504e+20 9.966486730217334e+19 9.700867065401621e+19 1.4743259123799674e+20 1.0397837925372733e+20 9.746137662808321e+19 1.5214963555934005e+20 1.0142380338663036e+20 9.446559108685201e+19 1.5959513716986688e+20
7.3 7.97057990242305e+19 5.592033634311097e+19 1.947209272727832e+19 9.217489362549773e+19 7.0778901434744955e+19 2.534913333091433e+19 9.98354425008028e+19 9.387745441640358e+19 4.472817510141354e+19 9.888427879182559e+19 1.0345661736173404e+20 6.737742730403985e+19 9.267021255594077e+19 1.0215633558870167e+20 8.498556369509347e+19 8.931909088961597e+19 1.021877072529679e+20 9.955872847501035e+19 8.800041446817921e+19 9.916102222800665e+19 1.1020002040585198e+20 9.047557106045416e+19 1.01450748979269e+20 1.1019954791204007e+20 9.38142254939213e+19 1.0642840376539573e+20 1.1738137377787576e+20 8.907794732746683e+19 1.0041893345403983e+20 1.1631440139338988e+20 8.213525519190945e+19 9.353886226868375e+19 1.2842179812626072e+20 8.18213955942256e+19 8.227473025131099e+19 1.175713603873479e+20 8.214408216054466e+19 7.978393969434816e+19 1.0526024102745075e+20
7.4 6.4815732423844725e+19 4.7300622896204005e+19 1.6539818129109092e+19 7.188718154994246e+19 5.759183719617956e+19 2.0528117720912966e+19 7.560938195182002e+19 7.78409069416104e+19 4.52734237820215e+19 7.532757544381093e+19 8.717002123559446e+19 6.682331315205402e+19 7.179980505627898e+19 8.780794006351497e+19 8.436273216950742e+19 7.297644974009317e+19 8.875926881760284e+19 8.456929055109702e+19 7.593524331248402e+19 9.112641658183257e+19 9.211558464950721e+19 7.646848307036127e+19 8.692363820108949e+19 7.923141210209221e+19 7.656873287294909e+19 8.893151498940778e+19 8.438858462313005e+19 7.653403596572778e+19 8.95750601895495e+19 8.672367936707728e+19 7.136108145248197e+19 8.092665425599408e+19 8.440859017500112e+19 6.925043539145841e+19 7.467959962145338e+19 9.745906946602626e+19 6.952977815200196e+19 7.434594643243529e+19 1.057584105616324e+20
7.5 5.353714887651579e+19 4.133971244383446e+19 1.502948207165434e+19 5.870531326272395e+19 5.002526697430608e+19 1.83981490907196e+19 6.87676053746143e+19 7.870218819693576e+19 4.854626679054436e+19 6.6430405274942005e+19 8.549507799918643e+19 6.915950163380124e+19 6.219224062646864e+19 8.502888185868675e+19 8.394188180404639e+19 6.2166318854251364e+19 8.388151642960939e+19 8.234380156061172e+19 6.383582356956469e+19 7.97524815482001e+19 7.2054932260472136e+19 6.672255502775686e+19 8.324779505047429e+19 7.555711970667897e+19 6.59551069517355e+19 8.027350976625882e+19 6.7509770068886856e+19 6.454985279958449e+19 7.871219179985039e+19 6.9418158834233025e+19 5.973871349847602e+19 7.50413641735605e+19 8.083392897717651e+19 5.8778491769380815e+19 6.691238233885698e+19 8.190136481379864e+19 5.963778288267099e+19 6.647180125214235e+19 8.12145620463739e+19
7.6 4.443534828272815e+19 3.6530171286772265e+19 1.39718083320252e+19 5.100974031380335e+19 4.6689790083959824e+19 1.8113860879835093e+19 5.9165455069412745e+19 7.193307884423166e+19 4.486311479871129e+19 5.617619643788984e+19 7.794575457603632e+19 6.37872094037534e+19 5.212604631179337e+19 7.612844930389364e+19 7.603297280687636e+19 5.248140484216913e+19 7.600059320428829e+19 7.444583321332682e+19 5.467730204866223e+19 7.418350032722264e+19 6.990505324204229e+19 5.503818944692036e+19 7.213285727310586e+19 6.521758983984036e+19 5.576867993007254e+19 7.383834295144879e+19 6.52780160932973e+19 5.486090187391302e+19 7.243612137556737e+19 6.203619278958305e+19 5.033114896302492e+19 6.539693047834183e+19 6.960146305448051e+19 4.99821980383698e+19 5.9398754975506055e+19 6.687889274385667e+19 5.070625446338749e+19 5.9863724093304046e+19 6.7703326065281245e+19
7.7 3.7389007219591905e+19 3.305858391482447e+19 1.3873621789215955e+19 4.3378840079145976e+19 4.16561151578261e+19 1.7139513896966375e+19 4.8807509671701316e+19 6.27251840008048e+19 4.004344985462522e+19 4.4806651833166725e+19 6.5373142597131985e+19 5.690227809857886e+19 4.37981003508744e+19 6.5201610732085535e+19 6.324105050305716e+19 4.3202972698615546e+19 6.2630859707849515e+19 6.0842198051683475e+19 4.709676008193672e+19 6.506623554373093e+19 5.508333725347673e+19 4.83387214505402e+19 6.509448761928371e+19 5.116214408445189e+19 4.76921575867798e+19 6.575780007826071e+19 5.410164278866661e+19 4.6913268668275294e+19 6.664242281466994e+19 5.7556574420709515e+19 4.232445135456216e+19 5.831883617512901e+19 7.815166195559942e+19 4.221633873120322e+19 5.382060507499887e+19 6.480911990974486e+19 4.18701680714222e+19 5.287398120267027e+19 6.406390085313106e+19
